12321 111 111
11211 111 101
10101 111 91
4884 111 44
3663 111 33
2442 111 22
1221 111 11
999 111 9
888 111 8
777 111 7
666 111 6
555 111 5
444 111 4
333 111 3
222 111 2
111 111 1
5995 109 55
545 109 5
5885 107 55
535 107 5
6996 106 66
4664 106 44
2332 106 22
848 106 8
636 106 6
424 106 4
212 106 2
5775 105 55
525 105 5
8008 104 77
5665 103 55
515 103 5
10201 101 101
9999 101 99
8888 101 88
7777 101 77
6666 101 66
5555 101 55
4444 101 44
3333 101 33
2222 101 22
1111 101 11
909 101 9
808 101 8
707 101 7
606 101 6
505 101 5
404 101 4
303 101 3
202 101 2
101 101 1
9009 99 91
8118 99 82
7227 99 73
6336 99 64
5445 99 55
4554 99 46
3663 99 37
2772 99 28
1881 99 19
99 99 1
686 98 7
5335 97 55
8448 96 88
6336 96 66
4224 96 44
2112 96 22
5225 95 55
282 94 3
5115 93 55
828 92 9
8008 91 88
7007 91 77
6006 91 66
5005 91 55
4004 91 44
3003 91 33
2002 91 22
1001 91 11
979 89 11
6776 88 77
6336 88 72
4664 88 53
4224 88 48
2992 88 34
2552 88 29
2112 88 24
616 88 7
88 88 1
696 87 8
595 85 7
2772 84 33
252 84 3
747 83 9
656 82 8
474 79 6
6006 78 77
858 78 11
5775 77 75
5005 77 65
4774 77 62
4004 77 52
3773 77 49
3003 77 39
2772 77 36
2002 77 26
1771 77 23
1001 77 13
616 77 8
77 77 1
525 75 7
4884 74 66
2442 74 33
888 74 12
666 74 9
444 74 6
222 74 3
949 73 13
292 73 4
4554 69 66
828 69 12
414 69 6
2992 68 44
272 68 4
737 67 11
4224 66 64
2772 66 42
2442 66 37
2112 66 32
858 66 13
66 66 1
585 65 9
2112 64 33
2772 63 44
252 63 4
868 62 14
434 62 7
767 59 13
2552 58 44
696 58 12
464 58 8
232 58 4
1881 57 33
969 57 17
171 57 3
616 56 11
55 55 1
2332 53 44
848 53 16
636 53 12
424 53 8
212 53 4
676 52 13
969 51 19
686 49 14
343 49 7
2112 48 44
1551 47 33
282 47 6
141 47 3
828 46 18
414 46 9
585 45 13
616 44 14
484 44 11
88 44 2
44 44 1
989 43 23
252 42 6
656 41 16
858 39 22
585 39 15
646 38 17
494 38 13
1221 37 33
999 37 27
888 37 24
777 37 21
666 37 18
555 37 15
444 37 12
333 37 9
222 37 6
111 37 3
828 36 23
252 36 7
595 35 17
525 35 15
646 34 19
272 34 8
858 33 26
363 33 11
99 33 3
66 33 2
33 33 1
868 31 28
434 31 14
696 29 24
464 29 16
232 29 8
616 28 22
252 28 9
676 26 26
494 26 19
575 25 23
525 25 21
414 23 18
161 23 7
484 22 22
242 22 11
88 22 4
66 22 3
44 22 2
22 22 1
252 21 12
323 19 17
171 19 9
252 18 14
272 17 16
121 11 11
99 11 9
88 11 8
77 11 7
66 11 6
55 11 5
44 11 4
33 11 3
22 11 2
11 11 1
9 9 1
8 8 1
7 7 1
6 6 1
5 5 1
8 4 2
4 4 1
9 3 3
6 3 2
3 3 1
4 2 2
2 2 1
1 1 1
45954 222 207
44844 222 202
43734 222 197
42624 222 192
41514 222 187
40404 222 182
27972 222 126
26862 222 121
25752 222 116
24642 222 111
26962 221 122
42924 219 196
30003 219 137
43834 217 202
29592 216 137
45154 214 211
25252 214 118
44944 212 212
42824 212 202
40704 212 192
29892 212 141
27772 212 131
25652 212 121
23532 212 111
23632 211 112
42224 208 203
27872 208 134
41814 207 202
42024 206 204
26162 206 127
40804 202 202
29492 202 146
28482 202 141
27472 202 136
26462 202 131
25452 202 126
24442 202 121
23432 202 116
22422 202 111
33233 199 167
29792 196 152
36863 193 191
23932 193 124
27072 192 141
25152 192 131
23232 192 121
21312 192 111
27972 189 148
29892 188 159
27072 188 144
29992 184 163
21712 184 118
28182 183 154
22022 182 121
21112 182 116
20202 182 111
31313 181 173
28282 179 158
29192 178 164
24742 178 139
29392 176 167
23232 176 132
25752 174 148
18981 171 111
26062 166 157
21912 166 132
21812 164 133
17871 161 111
23532 159 148
22922 157 146
22022 154 143
20502 153 134
16761 151 111
21312 148 144
18081 147 123
20002 146 137
19591 143 137
15651 141 111
15851 131 121
14541 131 111
15351 129 119
14641 121 121
13431 121 111
12321 111 111
90909 333 273
81918 333 246
95659 331 289
88888 328 271
82328 328 251
89598 327 274
92829 319 291
86768 319 272
94149 317 297
86268 316 273
83838 314 267
80808 312 259
84048 309 272
88088 308 286
94249 307 307
69996 307 228
83538 306 273
88788 302 294
87278 302 289
89698 301 298
74347 301 247
83738 298 281
84348 297 284
74547 297 251
80808 296 273
65856 294 224
67976 293 232
82928 292 284
80008 292 274
69496 292 238
69696 288 242
63936 288 222
77777 287 271
66066 286 231
69296 284 244
67876 284 239
68486 283 242
65656 283 232
62826 283 222
76167 279 273
67276 278 242
61716 278 222
69596 274 254
73437 273 269
70707 273 259
66066 273 242
63336 273 232
60606 273 222
66666 271 246
68886 267 258
66766 266 251
59095 265 223
69696 264 264
61016 263 232
60606 259 234
63736 257 248
57375 255 225
56865 255 223
60706 254 239
58985 251 235
57575 245 235
56165 239 235
52425 233 225
171171 429 399
159951 407 393
147741 407 363
135531 407 333
133331 391 341
129921 381 341
282282 546 517
252252 546 462
244442 542 451
249942 541 462
289982 539 538
252252 539 468
239932 532 451
276672 528 524
255552 528 484
234432 528 444
266662 527 506
238832 506 472
222222 481 462
219912 476 462
210012 473 444
432234 666 649
416614 653 638
408804 652 627
374473 649 577
375573 627 599
555555 777 715
571175 775 737
520025 775 671
513315 765 671
545545 763 715
519915 759 685
506605 755 671
535535 749 715
512215 737 695
525525 735 715
515515 721 715
505505 715 707
485584 712 682
489984 704 696
468864 704 666
452254 674 671
737737 871 847
749947 869 863
689986 869 794
696696 858 812
666666 858 777
675576 853 792
698896 836 836
678876 834 814
660066 822 803
666666 819 814
654456 814 804
642246 814 789
639936 808 792
906609 993 913
886688 968 916
888888 962 924
855558 957 894
840048 946 888
861168 932 924
828828 924 897
824428 914 902
819918 909 902
