121 11 11
99 11 9
88 11 8
77 11 7
66 11 6
55 11 5
44 11 4
33 11 3
22 11 2
11 11 1
9 9 1
8 8 1
7 7 1
6 6 1
5 5 1
8 4 2
4 4 1
9 3 3
6 3 2
3 3 1
4 2 2
2 2 1
1 1 1
484 22 22
242 22 11
252 21 12
323 19 17
252 18 14
272 17 16
121 11 11
858 33 26
868 31 28
696 29 24
616 28 22
676 26 26
575 25 23
484 22 22
1221 37 33
2332 53 44
2112 48 44
4224 66 64
5775 77 75
4884 74 66
4554 69 66
6776 88 77
6006 78 77
9009 99 91
8448 96 88
8008 91 88
121 11 11
99 11 9
88 11 8
77 11 7
66 11 6
55 11 5
44 11 4
33 11 3
22 11 2
11 11 1
9 9 1
8 8 1
7 7 1
6 6 1
5 5 1
8 4 2
4 4 1
9 3 3
6 3 2
3 3 1
4 2 2
2 2 1
1 1 1
484 22 22
242 22 11
252 21 12
323 19 17
252 18 14
272 17 16
121 11 11
858 33 26
868 31 28
696 29 24
616 28 22
676 26 26
575 25 23
484 22 22
1221 37 33
2332 53 44
2112 48 44
4224 66 64
5775 77 75
4884 74 66
4554 69 66
6776 88 77
6006 78 77
9009 99 91
8448 96 88
8008 91 88
